4294967278,313
4294967294,189
4294967294,178
4294967278,312
4294967279,311
4294967294,319
4294967294,318
4294967294,317
4294967294,316
4294967294,315
4294967294,314
4294967294,313
4294967294,312
4294967294,311
4294967294,310
4294967294,309
4294967294,308
4294967294,307
4294967294,306
4294967294,305
4294967294,304
4294967279,310
4294967279,309
4294967279,308
4294967294,529
4294967294,445
4294967279,307
4294967278,311
4294967278,310
4294967294,528
4294967294,527
4294967294,188
4294967294,327
4294967294,526
4294967294,524
4294967278,309
4294967279,306
4294967294,326
4294967294,325
4294967294,324
4294967294,525
4294967294,185
4294967294,517
4294967294,523
4294967294,512
4294967294,323
4294967294,522
4294967294,322
4294967294,321
4294967294,521
4294967294,443
4294967294,450
4294967294,520
4294967294,519
4294967294,518
4294967294,514
4294967294,516
4294967294,515
4294967294,446
4294967294,513
4294967294,398
4294967294,447
4294967294,389
4294967294,444
4294967294,190
4294967294,442
4294967294,441
4294967294,440
4294967294,439
4294967279,305
4294967278,308
4294967279,304
4294967278,307
4294967279,303
4294967278,306
4294967278,305
21,4
4294967279,302
20,4
4294967278,304
19,4
4294967279,301
18,4
4294967278,303
17,4
4294967279,300
16,4
4294967278,302
15,4
4294967279,299
14,4
4294967278,301
13,4
4294967279,298
12,4
4294967278,300
11,28
4294967279,297
10,36
4294967278,299
9,8
4294967279,296
8,19
4294967278,298
7,14
4294967279,295
6,7
4294967278,297
5,5
4294967279,294
4,41
4294967278,296
3,4
4294967279,293
2,4
4294967278,295
4294967279,292
4294967278,294
4294967279,291
0,283
4294967279,290
4294967278,293
4294967279,289
4294967278,292
4294967279,288
4294967278,291
4294967278,290
4294967278,289
4294967279,287
4294967294,438
4294967294,437
4294967278,288
4294967278,287
4294967279,286
4294967278,286
4294967279,285
4294967279,284
4294967279,283
4294967279,282
4294967278,285
4294967279,281
4294967278,284
4294967279,280
4294967278,283
4294967278,282
4294967279,279
4294967278,281
4294967279,278
4294967278,280
4294967278,279
4294967278,278
4294967278,277
4294967279,277
4294967278,276
4294967279,276
4294967294,436
4294967279,275
4294967278,275
4294967279,274
4294967279,273
4294967278,274
4294967279,272
4294967278,273
4294967279,271
4294967278,272
4294967279,270
4294967278,271
4294967279,269
4294967278,270
4294967279,268
4294967278,269
4294967279,267
4294967278,268
4294967279,266
4294967278,267
4294967279,265
4294967278,266
4294967294,435
4294967294,434
4294967294,433
4294967294,432
4294967294,431
4294967294,430
4294967294,429
4294967294,428
4294967294,427
4294967294,426
4294967294,425
4294967294,424
4294967279,264
4294967294,423
4294967278,265
4294967294,422
4294967294,421
4294967294,420
4294967294,419
4294967279,263
4294967278,264
4294967294,418
4294967279,262
4294967294,417
4294967278,263
4294967279,261
4294967279,260
4294967278,262
4294967279,259
4294967278,261
4294967278,260
4294967279,258
4294967278,259
4294967279,257
4294967278,258
4294967279,256
4294967278,257
4294967294,416
4294967279,255
4294967278,256
4294967279,254
4294967278,255
4294967279,253
4294967278,254
4294967294,415
4294967279,252
4294967278,253
4294967294,414
4294967294,413
4294967279,251
4294967278,252
4294967279,250
4294967278,251
4294967294,412
4294967294,411
4294967294,410
4294967279,249
4294967278,250
4294967294,449
4294967279,248
4294967278,249
4294967279,247
4294967278,248
4294967279,246
4294967294,448
4294967278,247
4294967279,245
4294967278,246
4294967279,244
4294967278,245
4294967294,409
4294967279,243
4294967278,244
4294967279,242
4294967278,243
4294967294,408
4294967279,241
4294967278,242
4294967279,240
4294967294,407
4294967278,241
4294967279,239
4294967278,240
4294967279,238
4294967278,239
4294967294,406
4294967279,237
4294967278,238
4294967279,236
4294967278,237
4294967279,235
4294967278,236
4294967279,234
4294967294,405
4294967278,235
4294967279,233
4294967278,234
4294967279,232
4294967278,233
4294967294,404
4294967279,231
4294967278,232
4294967279,230
4294967278,231
4294967294,403
4294967279,229
4294967278,230
4294967279,228
4294967278,229
4294967279,227
4294967294,402
4294967278,228
4294967279,226
4294967278,227
4294967279,225
4294967278,226
4294967279,224
4294967294,401
4294967278,225
4294967279,223
4294967278,224
4294967279,222
4294967278,223
4294967294,400
4294967279,221
4294967278,222
4294967279,220
4294967278,221
4294967279,219
4294967294,399
4294967278,220
4294967279,218
4294967279,217
4294967278,219
4294967278,218
4294967279,216
4294967278,217
4294967294,180
4294967279,215
4294967278,216
4294967279,214
4294967278,215
4294967294,397
4294967279,213
4294967278,214
4294967279,212
4294967278,213
4294967294,396
4294967279,211
4294967278,212
4294967279,210
4294967278,211
4294967279,209
4294967294,395
4294967278,210
4294967279,208
4294967278,209
4294967279,207
4294967294,394
4294967278,208
4294967279,206
4294967278,207
4294967294,393
4294967279,205
4294967278,206
4294967279,204
4294967278,205
4294967279,203
4294967278,204
4294967294,392
4294967279,202
4294967278,203
4294967279,201
4294967278,202
4294967294,391
4294967279,200
4294967278,201
4294967279,199
4294967278,200
4294967279,198
4294967294,390
4294967278,199
4294967279,197
4294967278,198
4294967279,196
4294967278,197
4294967279,195
4294967278,196
4294967279,194
4294967278,195
4294967294,388
4294967294,26
4294967279,193
4294967278,194
4294967279,192
4294967278,193
4294967279,191
4294967278,192
4294967279,190
4294967278,191
4294967279,189
